Imprimindo corpos antes da simulação...
fMass:125.00
fInertia:0,0,0
0,0,0
0,0,0

fInertiaInverse:0,0,0
0,0,0
0,0,0

 fSpeed:0.00
vPosition:36.29:30.05:53.89
vVelocity:0.00:0.00:0.00
vVelocityBody:0.00:0.00:0.00
vAngularVelocity:0.00:0.00:0.00
vMoments:0.00:0.00:0.00
vForces:0.00:0.00:0.00

29.87
29.68
29.48
29.29
29.09
28.89
28.69
28.50
28.30
28.09
27.89
27.69
27.49
27.28
27.08
26.87
26.67
26.46
26.25
26.04
25.84
25.63
25.41
25.20
24.99
24.78
24.56
24.35
24.13
23.92
23.70
23.48
23.26
23.04
22.82
22.60
22.38
22.16
21.93
21.71
21.48
21.26
21.03
20.80
20.58
20.35
20.12
19.89
19.66
19.42
19.19
18.96
18.72
18.49
18.25
18.01
17.78
17.54
17.30
17.06
16.82
16.58
16.34
16.09
15.85
15.60
15.36
15.11
14.87
14.62
14.37
14.12
13.87
13.62
13.37
13.11
12.86
12.61
12.35
12.10
11.84
11.58
11.33
11.07
10.81
10.55
10.29
10.02
9.76
9.50
9.23
8.97
8.70
8.44
8.17
7.90
7.63
7.36
7.09
6.82
6.55
6.28
6.00
5.73
5.45
5.18
4.90
5.10
5.19
5.29
5.38
5.48
5.57
5.66
5.75
5.84
5.93
6.02
6.11
6.20
6.28
6.37
6.46
6.54
6.62
6.71
6.79
6.87
6.95
7.03
7.11
7.19
7.26
7.34
7.42
7.49
7.56
7.64
7.71
7.78
7.85
7.92
7.99
8.06
8.13
8.20
8.26
8.33
8.39
8.46
8.52
8.58
8.64
8.71
8.77
8.82
8.88
8.94
9.00
9.05
9.11
9.16
9.22
9.27
9.32
9.37
9.42
9.47
9.52
9.57
9.62
9.67
9.71
9.76
9.80
9.84
9.89
9.93
9.97
10.01
10.05
10.09
10.13
10.16
10.20
10.24
10.27
10.31
10.34
10.37
10.40
10.43
10.46
10.49
10.52
10.55
10.58
10.60
10.63
10.65
10.68
10.70
10.72
10.75
10.77
10.79
10.81
10.82
10.84
10.86
10.87
10.89
10.90
10.92
10.93
10.94
10.95
10.97
10.98
10.98
10.99
11.00
11.01
11.01
11.02
11.02
11.03
11.03
11.03
11.03
11.03
11.03
11.03
11.03
11.03
11.02
11.02
11.01
11.01
11.00
10.99
10.99
10.98
10.97
10.96
10.94
10.93
10.92
10.91
10.89
10.88
10.86
10.84
10.83
10.81
10.79
10.77
10.75
10.73
10.70
10.68
10.66
10.63
10.61
10.58
10.55
10.53
10.50
10.47
10.44
10.41
10.37
10.34
10.31
10.28
10.24
10.20
10.17
10.13
10.09
10.05
10.01
9.97
9.93
9.89
9.85
9.81
9.76
9.72
9.67
9.62
9.58
9.53
9.48
9.43
9.38
9.33
9.28
9.22
9.17
9.11
9.06
9.00
8.95
8.89
8.83
8.77
8.71
8.65
8.59
8.53
8.46
8.40
8.34
8.27
8.20
8.14
8.07
8.00
7.93
7.86
7.79
7.72
7.65
7.57
7.50
7.42
7.35
7.27
7.19
7.12
7.04
6.96
6.88
6.80
6.71
6.63
6.55
6.46
6.38
6.29
6.21
6.12
6.03
5.94
5.85
5.76
5.67
5.58
5.49
5.39
5.30
5.20
5.11
5.01
4.91
5.03
5.07
5.10
5.13
5.16
5.19
5.22
5.25
5.28
5.31
5.33
5.36
5.38
5.41
5.43
5.45
5.47
5.49
5.51
5.53
5.55
5.57
5.59
5.60
5.62
5.63
5.65
5.66
5.67
5.68
5.69
5.70
5.71
5.72
5.73
5.74
5.74
5.75
5.75
5.75
5.76
5.76
5.76
5.76
5.76
5.76
5.76
5.75
5.75
5.75
5.74
5.74
5.73
5.72
5.71
5.70
5.70
5.68
5.67
5.66
5.65
5.63
5.62
5.60
5.59
5.57
5.55
5.54
5.52
5.50
5.48
5.45
5.43
5.41
5.39
5.36
5.34
5.31
5.28
5.25
5.23
5.20
5.17
5.14
5.10
5.07
5.04
5.00
4.97
5.01
5.02
5.03
5.04
5.05
5.06
5.07
5.08
5.08
5.09
5.09
5.09
5.10
5.10
5.10
5.10
5.10
5.10
5.10
5.09
5.09
5.09
5.08
5.08
5.07
5.06
5.05
5.05
5.04
5.02
5.01
5.00
4.99
5.00
5.01
5.01
5.01
5.01
5.02
5.02
5.01
5.01
5.01
5.01
5.00
5.00
5.00
5.00
5.00
5.00
5.00
5.00
5.00
5.00
5.00
5.00
5.00
5.00
5.00
5.00
5.00
5.00
5.00
5.00
Imprimindo corpos depois da simulação...
fMass:125.00
fInertia:0,0,0
0,0,0
0,0,0

fInertiaInverse:0,0,0
0,0,0
0,0,0

 fSpeed:0.00
vPosition:36.29:30.05:5.00
vVelocity:0.00:0.00:0.00
vVelocityBody:0.00:0.00:0.00
vAngularVelocity:0.00:0.00:0.00
vMoments:0.00:0.00:0.00
vForces:0.00:0.00:9.80
